1023907108
14168495
1308148773
185608131
285568726
596342364
346025561
425767374
223781
263796052
706162315
7131784
137524781
1660991
565643973
234077911
18437167
773884870
1076946151
974120590
1173264961
534147219
313530151
737099536
188090044
596665917
887522017
1651909301
1627869915
888967825
800040013
1563931368
1286532927
189036857
318482438
1412503008
1168973443
1586805645
1529813368
104279390
289364225
1062805855
19502244
933035782
1010322577
991834903
1192594102
1633839515
224916348
1192912255
363026018
1354939110
250868612
19199634
93853347
509025948
1232851336
1606717674
548219787
340476104
32378268
329180531
244428900
196303574
964332343
1217718133
1570889862
941643838
1030327774
283985965
1572648150
375543254
737273644
1604334582
1604444601
1604430150
1569436200
1595425497
1604610267
1604440125
1523589532
1604355825
1604365707
1604389209
1604221965
1604314659
1569294552
1569296649
1554852570
1569288993
1569283752
1462945483
1569301509
1565463381
1569971133
1299836124
1569681642
1569537252
1567297155
644993043
903793981
590069349
481994307
1524339348
810954790
1124819548
927624520
21707916
636847890
756473278
88180185
1200694609
949877305
172278064
1285159983
670504931
539299896
883513489
281194605
4880224
1521846636
185566378
1104246427
1551910653
14749163
480062
861445849
194440563
1567608252
881120701
1490417223
1423498173
1549709868
1435566875
1389374046
327348390
1082138692
427612209
176613804
16516
710264965
215105614
1381550988
1475666295
1135416337
1549283163
543756645
1356329307
932261239
923436514
176871832
230484256
1504148509
1265377720
1198194871
1539692472
334488395
794199316
790958038
999907288
1067883649
1419520548
992781496
878383819
987837688
1015910842
282355
1093190
445075785
1307261394
585630117
1142457949
68624593
1430965624
813163417
220585297
1054476295
292346282
576961164
1337053761
838584697
1358156790
1499117
348416672
348596603
1272524539
263481392
502200060
905447692
1309373238
166579949
575558802
1171712638
1368003636
7854944
938031703
480173
1163067532
1108511416
853085767
851223685
219396306
172538540
1354431222
124334642
1397725419
126338231
1001064919
46424522
397074732
273070492
1017710155
1447732838
816875584
443954247
325792149
328328229
1460586523
1054860682
1417889199
5169025
159555282
1232710606
1215309667
24479828
580172283
83701010
287212875
530593731
118630732
285416268
1309547982
1177591894
1441711403
171374867
28348232
633141762
1438994987
679440953
1104975772
422713328
137522585
404412123
905141503
609553626
1142298076
212042380
132707468
1068074554
1052305921
1370323995
4957674
296120329
1018924681
1295433621
1413345855
1399370784
762319255
47697452
380656982
1072416208
345213353
7186025
1242362200
1165132228
2943816
113947
889506124
1137083875
974200165
432908778
42474940
252724872
720399457
788294974
1151252677
1275375679
942054688
1388493492
294286056
999776560
802917994
724802413
1116969250
596582388
235205837
216743854
3906736
518264160
179038647
25385556
619108191
43499839
475981275
1376392681
1201054570
965847793
674865656
554990829
886963213
119218849
203217114
29781774
1180025161
329190
1335291021
1363129956
1191320563
412576209
1196476216
803712022
757443703
394496214
961527805
19211305
94531327
914653456
1700797
109670649
86978462
803188921
1127373376
103580174
53500874
506600073
933856903
14441
311433335
161288374
431090160
647346111
405183525
494621826
69466779
202407433
1376609137
1375751041
246878271
595848663
295873947
89242351
622441818
293385918
157631036
1357699287
1347345126
1369708671
269999637
818274742
522994398
179665339
1207292
2054131
10437258
494029434
1347512709
1347514509
1295463981
958433059
117460387
888217603
438521130
255375613
52153986
28946695
457066860
1046888125
1335987582
125387629
146453708
221361059
81219938
512679087
1102153561
59918795
153852523
43389661
169040734
3282595
546658551
8553751
1048226890
23288780
279091233
728692513
716206267
310416583
991841221
258971130
798364075
174707146
1030989385
1252693483
1307351445
175956218
228104394
959675191
33509636
282783405
311867975
750681766
756404587
158693991
816757912
85834960
460146933
668093849
197935510
365489306
340831397
390736365
28737477
17718676
827557600
951118534
787658158
336522996
1079172964
332185315
262155454
48690712
1015238503
588597081
37376052
866443879
351392228
335668898
188742504
1162834168
946083259
321102782
974092471
324244844
43873704
1213024015
309980759
638106813
495351228
1151178304
471477081
272154263
195500937
183607884
925958443
283231537
554522820
136936708
490483185
176190287
115380227
1171723489
1259579029
273749641
23433070
4856053
1261632946
164450243
2187889
301764622
322944534
313135621
291711336
238875589
202967339
243254823
38655589
558041718
104725
1085072917
1217339167
19012841
267886868
38651796
656093673
1220144092
3025113
151462950
463771305
180417566
1082843224
1067787976
1076262628
165070308
1152523561
856062
177181866
885498916
435254355
1146281860
253619379
145780194
971310220
1276292
21841190
7466893
108473024
25894731
84490214
211641960
261720223
17753882
150302691
282731861
265650337
1027884244
170256277
1170873646
738961627
74646028
907229935
35966090
287588050
2065244
68666888
1065784666
136851663
646058388
486454233
666212369
777549271
930738022
22025542
10558952
961613092
8676749
14598903
260059154
1072482676
245004199
162401981
175210243
1107590578
68140949
853745989
119972172
317343476
986100838
63064619
601285905
234638535
250274806
2852244
233339101
17810737
164871495
946837171
817479
9048671
69037974
42469879
58456916
881845795
906196987
285128436
328161167
135649298
79668972
289365867
273408481
19221235
52237959
1652754
491605707
104473693
35093874
231016277
2599536
15667012
7131016
68774797
14293360
45324469
42436487
366235247
119826339
7611767
729008041
117795025
124872478
197282913
144788283
126570237
843077197
85780536
77696825
145068078
12084031
25527045
16407137
151684229
825650326
5730185
160416669
84592655
460628283
198222466
22946428
134724226
31568995
201639369
44878532
484228416
17786727
620217462
944843
8369031
148161100
208934
355208180
328696472
13427149
198188286
46690142
1413043
78443
136213894
1173692
36376703
498941319
70163492
158065206
180205859
762979696
775810798
168316999
440507
269949848
20202929
360925415
269232009
37867940
7918339
5536632
843760
6363699
18825821
2070859
87949708
5184112
144958013
595946
182802564
130071768
44045787
53932182
50827839
131658807
137376463
261322521
1428890217
848386474
901302085
1092049822
555097140
716003629
276995623
953267116
988023109
945807781
26818520
250948162
804915298
688230812
344126123
869243713
283880936
122411120
361499345
499898943
231901254
450928038
510894228
814786591
949002316
711343672
953937313
992916106
661487982
933470203
455291685
578264925
564497196
764450680
664443195
315635984
466411953
429551064
428325345
877913722
502423395
559901937
340527743
709769185
776078509
831396505
1016238970
760291258
318944524
718695422
244366725
783421354
1041176038
721002802
52108678
886601104
431558319
1307294079
666486434
302961353
469265718
1105533118
583834953
906215254
186768250
157364603
611345679
837664192
926715352
980272150
801217717
964102732
37496025
974640934
368846228
142729434
682981127
1059478372
231610995
149723219
68953263
472391307
292965446
307603112
311526370
751810885
900378994
671624930
454549449
856669474
668266652
679342535
752485741
228312339
1069992835
828354691
1139972671
91720081
133681442
99907317
140426695
751972093
940944472
202986513
491063592
112499685
731581867
243226027
340821932
784676545
878547709
845285236
556796967
791009443
720399553
530433792
327636763
222290919
689462573
476480151
959310553
824422621
892045885
306516128
547136160
410576217
273496270
904791931
309171388
367540784
650165745
246684024
295492478
302437239
240609702
302119840
244719105
820220416
221509120
645653691
665668286
55047879
297185457
320246573
226275003
466492968
863551390
730293694
296143792
697218459
1002301027
934607434
781045939
286879813
1247692378
149946981
192463067
428238321
581959239
240103139
51196829
463807383
213006401
483325191
246785187
270614338
884882653
183304335
211323715
275918770
201659567
283648494
940724536
280987935
144578468
566083137
344294078
287465866
776609989
138101054
1108372738
427671339
710633431
260291421
1170600448
713206768
399257859
160929697
165227549
1100450758
149488950
285663325
499098492
809057917
568104204
240017221
282540516
547939995
104667509
397915416
1057994071
700153769
789257221
31353162
815536795
75384959
231796793
47561628
333416401
1002991168
749716681
321721471
1090234126
1049703985
162602007
329661543
155557172
780306745
874707745
414058887
338724711
974698087
222863279
317683023
459662856
423496376
847162525
296271298
539455257
275697222
3767320
135804309
62770702
424360830
1146531610
739721248
250176911
938010049
29073807
225599521
110122333
1432085747
107235591
141942121
793327921
825452710
134566137
143194090
71258959
10958157
569870922
38528586
358116890
606324690
552138255
794085610
853225879
562763307
309379347
59270334
624011403
236195264
61811274
214355972
325943783
351649535
386848667
666568535
101852292
685390154
224719594
571906482
508881351
35517925
322477472
152221060
118138486
171303293
764508067
6589553
813251044
292010933
810058423
7588691
1041974674
890737324
672868955
293187418
359636576
33516996
82705402
1262280640
321148706
327845793
51327221
190180838
1177491844
195988730
205757379
147435793
513868245
891430567
142067065
195995188
223554810
638602395
105170293
143382479
171668478
587600361
196076407
260114274
822340975
107945098
226817533
348696668
1136547010
769901977
498059799
94059893
23953678
308193611
186035690
1135159
169890903
235023920
85703205
664059579
903143305
113044726
859902631
47942353
231723184
543735681
285124025
217350976
598724118
875717353
908483248
89857803
399837294
324674722
15496598
183868925
717784751
223390631
394307922
305430256
307317473
157648353
699306668
973936564
562785084
144320400
11564730
363251180
158211808
78074128
240433618
21902676
235575218
1199157571
100369057
43739632
301926445
670829525
284779729
38827986
58636037
890494522
345191075
607725327
446854449
65720632
703283042
153054375
430076487
265027415
248362886
354476003
639406977
3620929
189503097
89369194
32604658
904990636
330004738
336595772
74737924
41278629
165165172
847225966
141203168
765425059
1270026898
21314829
704028962
448894293
163305247
292997496
1032231109
272357111
1332411
255228043
229861093
44614589
423873908
150608657
2817608
109194304
122481388
31544790
273478148
265457448
244716274
111552415
304588462
691993373
130721112
363530624
306771378
8325888
246844043
199957740
774856819
318859913
46416600
210734485
169185053
391629219
53672306
122479616
248072793
211834844
27695758
1198151455
144543933
1250904
170379294
40351122
808398
483294
170729463
16069159
1065852
118785162
27359474
102435699
892605
138041080
407474571
439622
57227360
28756589
191260243
5211335
175766
82787015
211893720
28036445
62864
234561861
120528287
116681
30641710
371289584
236737616
33443491
105591551
11797934
494163
17603266
27995720
648004005
20599284
64780025
2068138
5326994
5336034
627788697
3081090
184135136
788205
105504173
106553844
112953097
9970971
36551572
172873
191851937
232789711
23164679
2976616
34994724
44048653
3802686
266657514
225672552
415653
16161679
968129854
33841166
284970834
112753722
7871599
40642987
201889267
846404122
21695387
342728
202546067
43703285
2323997
327584
167893079
1776086
34486918
324432425
124758298
161952650
51506421
51306931
462658
45598837
31037
290777557
205185
135813693
18415333
2640566
7098329
693785090
247946909
2517228
33291816
31558083
599738520
925403380
36417123
637643742
455369
60697
27100203
43063866
29605786
265325
283085216
907855024
542429
264344809
2279060
75980547
922413
596149848
5788538
157463304
44725
22149638
163266537
2484998
37140970
5172029
474242325
4556086
143454421
1112174725
8453386
397725447
210398164
2306193
146594684
429434655
146393
81050559
5042148
646575156
42236950
57922632
3871229
79822634
142423393
1287188291
307136363
411225306
156753832
65959534
325001510
226208387
7533219
151140446
9551576
344711216
1217848
580655895
2034982
103752208
11230196
46133618
1647955598
58207447
1004685730
5656996
1153596685
244309325
765589390
50934683
177900389
126350865
1145174164
118319
816764455
51276113
1088099881
694609
1181987092
35666121
212091102
5937945
1236981625
135958707
901041544
648898245
928859185
28931184
1357895208
82152578
1202546566
518328864
1160326075
20365820
281414717
151938620
1156780480
256739171
1175182393
16730
1192384273
659761
1164271996
161889696
1038337381
3514469
1082363227
4465223
1121407837
2201579
793470139
43459118
317858762
9850513
1242344755
232132128
1017547984
38390064
987557461
2570752
588361563
184627354
482202321
499686951
975520939
44093726
256694231
1392812
795884302
21423582
711105502
603043044
1084057870
12321950
942127210
204456478
1080792094
64205758
918849628
515449
792839269
132403595
647287830
9320355
705095215
235913944
878028304
2606942
1251648613
12802463
776554189
8994735
677864888
2688819
1621660959
32033337
823288282
683230
1286543775
59110853
332639218
62330610
756656452
2530718
892111111
72451483
475127931
14730
317313163
3398477
1337788881
31524382
936981781
2019686
437846199
27818952
93905733
40038144
674081120
43880654
161664884
49295547
276391619
62688228
830623657
76117584
774443491
8500439
927520813
525215
976953091
239919382
889198963
68117170
31379589
3436341
1211844112
104652796
803031406
809734
458272389
86818720
365822765
41620308
725334097
8681825
406494894
82198429
1185593404
196228056
464337642
166913085
254286666
297358520
881130388
63969410
1152939772
187158508
758005063
300042942
967902856
161118485
1210440499
246728324
193248612
670089
1127353483
24969134
1071493417
4180213
1060612462
247021914
732540778
147256789
992867071
922952
924636007
1410762
1037476201
1205130
887034010
24114332
1147685230
128178923
161636527
65575494
244388649
83852890
475923912
309253930
787276903
153407285
53387467
3960429
844679125
396654498
852666952
1489799
1087363018
84471518
1048433524
83065170
516548037
100185783
814919044
2865535
1405253736
619944075
261589904
942922450
1067025916
9911062
540703536
430558
1371493167
607205031
1171125298
63940117
182453232
488287
560489820
140016384
1036220353
107830230
1392808254
141986896
304129963
48609477
1243422772
142473876
864708847
109263127
913566466
7882753
680172899
142328315
309126252
66982979
1263216046
56512208
43583550
170193322
1307200830
36253301
1322468880
92236979
249850065
162043804
1077263302
28346600
740232841
39241503
497198211
419050131
736533049
1022742787
4800
650834091
110031956
993365788
209471865
478880388
3399796
813527365
62100
656986728
483960
909857500
237204
211720057
27059681
961938715
782695
905371882
1423532
885180616
2344258
520703205
690622
973012168
237245116
556900467
245004439
949107976
1702771
660577743
1445038
405599007
73580687
913736299
27718109
510652977
4731178
454177341
40479797
932373424
203439010
347235329
62220814
309740757
3450336
1472466239
2260953
819411424
110201715
932397187
472179141
919954162
469515789
144281808
157164341
1239440923
152421086
1274748778
1642029
965840560
17586135
317463144
1904409
215200657
833415
781124821
599839
1173304435
4501444
1096406212
29257324
1010333653
22944258
1151403511
7941708
1206133270
16633477
1528835208
104479059
1013440720
2730329
804905929
4674488
983116462
126957743
726590878
48437548
610596744
11166914
812193994
245454366
865651669
42680724
233476854
54610519
105130095
1966175
717029332
26390713
114126670
87395711
82451176
234608120
119472184
5804200
779077864
69985090
209673907
214405255
1087472464
231926889
28032522
574663542
1176142096
242057762
83474869
318375226
1015717987
244571768
642142107
715144876
920968705
2839080
455102955
196380
865911007
1326413
936048316
375
839137732
110803581
989751817
69257219
1103804455
4564691
624579813
2068517
194171728
33814476
1548423762
43485614
962227705
41547600
234635394
29412
1457479419
241149
784248403
1022519
468348282
13908727
489417168
81015698
101800312
7333684
899947753
112554881
1094244934
3286973
207447534
995654242
36687271
1539343124
45570607
650777556
168977351
655919574
43930376
331227129
41761618
1022607457
128457733
218430974
535157826
1356326976
38382601
1029445114
14312098
386552639
29989882
778591888
882095
690656756
2709976
909639916
22487532
260569561
144254278
325084250
27053630
783415357
1314584
1213595248
1186432
173985218
122681220
181843825
1919643
1116510835
1115062
298424562
828225
1053084523
182625833
846242713
967874
566439375
188836
1130230612
44297755
232559149
345785342
799460944
7587103
186707572
11615518
784880425
912135
597786705
166415995
917787841
100230899
558823743
179298691
1325325315
7347998
1011186823
11518715
881809966
6182008
685991234
186554
643403058
43532940
437670909
158431936
1190832790
1161538
946255765
188266662
1103451127
592779372
724215235
99371907
645684276
36734783
1254803740
143627482
815848423
920297521
13616555
741967084
379209599
1098098710
550759692
1246002127
56946559
349427525
287687217
631430148
1861068
967287130
1124021
1382577576
268141441
91682305
926238547
1619322335
14510
131083796
237200
1196379064
1382
847869022
44978148
1041363484
44017071
768455143
124036205
263092994
44427679
596839179
605105
409377609
217770491
80511269
1602286
85981233
2348275
1084294747
670183
343139452
719549
422399564
181605017
852657436
70305996
913995442
133280968
1171388422
209052267
635687511
158452472
79043194
12949759
102205226
8314554
792997864
10464592
1090519216
69859969
802455577
2139023
110483538
2235601
831193279
2698032
984409879
124158269
957160873
32014297
405370515
2029970
620496771
10231685
453870396
1395915006
196894672
1059722
106116873
631309545
1238424220
5214308
517372557
243076957
529226964
7658629
1413641922
11058404
269524054
70166581
975137584
452408079
208958126
47114189
335073846
8962073
782479663
233701557
1148087191
903800
591997056
122967615
479650716
2897102
934765570
14514906
816853213
724640
826685353
371762
1483534751
24731324
207740617
16479041
256533637
47268
1232018209
1007622
1061993260
27604052
752997319
12223956
861193174
131667977
1342297470
37791204
706214068
247955
1294192071
6202267
86290063
1662077
226532757
62258473
973912456
2081134
493983495
319211418
763012756
20237774
552301578
601439
1045392706
127873188
967745065
133476647
1087557676
88416246
769818391
39803673
827864839
8879940
1248362041
46076915
252109840
162170283
1135650559
137322934
1036081486
4424669
865836823
161467235
163550208
44186339
129863224
168974447
1111948558
5720497
1183349290
82614101
1520203712
3713533
144972682
216598682
595322904
25877735
2873588
45097131
968246305
121108883
90161220
11925802
1444297403
361275227
1066511791
339317157
1297498050
45623499
947495275
7811586
379970573
111123514
865667929
230746585
288718095
44036920
1270980946
469869435
1115606695
141707
79525994
3941306
202848764
324731
914416660
40351414
1070616292
843637
995984965
121047111
924158731
39564
11316575
2094808
742444993
35228969
509571447
8748619
788496358
150867001
1565072658
19577207
260372841
2687512
161056798
15042
1450786274
7748430
176433373
6952826
239565454
9561421
842607712
2704433
933602386
44040834
127682513
20194131
985563232
186404625
825148465
25279198
53205850
260013960
570351309
52019567
1668098063
226437168
1065260065
530813127
622776612
227762078
1447477397
207529638
1140494329
765484
1334341575
43370548
1619624607
69716385
1609285343
5391813
1231148866
15015
1002968701
779143
993639559
333003284
1342223304
19763888
879346270
29499512
1470649755
2900130
779791813
1531231
1255831438
94928348
1427895408
187967574
489663195
295750924
457163007
219515931
1237966174
4896299
778000735
18691658
1214824096
134130878
1489690363
1231887
1273248013
364287
1263746041
333933787
1663999295
43969708
1520664892